 -0.137044 0.416749
 0.000000 0.000000
 -0.000027 0.537548 2.342221
 0.000000 0.000000 0.000000
 0.000000 0.000000 0.000000
 0.000000 0.000000 0.000000
 0.000000 0.000000 0.000000
 0.009628 0.158194 -0.059092 0.006085
 1.072318 -0.157647 -0.016883 -0.132214
 0.014230 0.013640
 -7.500000e-07 0.553639
 0.837310 0.632900
 6.51312940000000e+00 -1.78024690000000e-01 1.88460170000000e-03
 -8.93109000000000e-06 1.60930000000000e-08
 -0.000113 -0.004079
 -0.006347 -0.002710
 -0.000023 -0.002328 0.030452
 -0.004552 -0.030784
 -0.044945 -0.022175
