 -0.134427 0.418173
 0.000000 0.000000
 -0.000028 0.530568 2.381198
 0.000000 0.000000 0.000000
 0.000000 0.000000 0.000000
 0.000000 0.000000 0.000000
 0.000000 0.000000 0.000000
 0.009705 0.158679 -0.059305 0.006149
 1.072522 -0.157917 -0.017033 -0.132617
 0.014390 0.013800
 1.000000e-06 0.555554
 0.837780 0.632860
 6.51668950000000e+00 -1.78153790000000e-01 1.88636710000000e-03
 -8.94173400000000e-06 1.61170000000000e-08
 -0.000125 -0.004123
 -0.006394 -0.002713
 -0.000023 -0.002402 0.030475
 -0.004585 -0.030867
 -0.044911 -0.022069
