 -0.025464 0.606590
 -0.008702 0.995841
 -0.027758 0.345819 2.206303
 0.000000 0.000000 0.000000
 0.000000 0.000000 0.000000
 0.000000 0.000000 0.000000
 0.000000 0.000000 0.000000
 0.016797 0.188879 -0.072039 0.011095
 1.087347 -0.174787 -0.030502 -0.163054
 0.028030 0.026170
 -0.000000e+00 0.687765
 0.866600 0.631190
 6.69682050000000e+00 -1.85033190000000e-01 1.98360660000000e-03
 -9.54265500000000e-06 1.74830000000000e-08
 -0.000918 -0.007627
 -0.009611 -0.002973
 -0.000093 -0.003355 0.028601
 -0.007000 -0.035493
 -0.041719 -0.015961
