 -0.005041 0.724042
 -0.066094 0.989202
 -0.007565 0.489442 1.912762
 0.000000 0.000000 0.000000
 0.000000 0.000000 0.000000
 0.000000 0.000000 0.000000
 0.000000 0.000000 0.000000
 0.027416 0.208449 -0.080603 0.018001
 1.099674 -0.189332 -0.049068 -0.191679
 0.049610 0.044650
 1.500000e-06 0.818974
 0.885500 0.632420
 6.78321500000000e+00 -1.88822400000000e-01 2.04094770000000e-03
 -9.91256700000000e-06 1.83530000000000e-08
 -0.002493 -0.012430
 -0.012914 -0.003012
 -0.000321 -0.003690 0.026759
 -0.009377 -0.038168
 -0.037482 -0.011725
