 -0.024223 0.607603
 -0.009305 0.995447
 -0.028087 0.353290 2.187755
 0.000000 0.000000 0.000000
 0.000000 0.000000 0.000000
 0.000000 0.000000 0.000000
 0.000000 0.000000 0.000000
 0.016998 0.189434 -0.072261 0.011219
 1.087647 -0.175107 -0.030827 -0.163698
 0.028420 0.026510
 -1.000000e-06 0.690647
 0.867170 0.631170
 6.69958870000000e+00 -1.85146390000000e-01 1.98527380000000e-03
 -9.55325500000000e-06 1.75080000000000e-08
 -0.000944 -0.007721
 -0.009688 -0.002977
 -0.000096 -0.003335 0.028547
 -0.007055 -0.035574
 -0.041638 -0.015852
