 -0.004235 0.736096
 -0.070842 0.990369
 -0.006854 0.490700 1.902226
 0.000000 0.000000 0.000000
 0.000000 0.000000 0.000000
 0.000000 0.000000 0.000000
 0.000000 0.000000 0.000000
 0.028092 0.209164 -0.080988 0.018439
 1.100258 -0.190143 -0.050340 -0.193201
 0.051010 0.045820
 -7.500000e-07 0.826087
 0.886120 0.632590
 6.78545880000000e+00 -1.88943740000000e-01 2.04291430000000e-03
 -9.92570200000000e-06 1.83840000000000e-08
 -0.002595 -0.012713
 -0.013075 -0.003007
 -0.000340 -0.003703 0.026655
 -0.009495 -0.038253
 -0.037223 -0.011531
