 -0.002334 0.748121
 -0.079728 0.991345
 -0.000011 0.722887 1.630935
 0.000000 0.000000 0.000000
 0.000000 0.000000 0.000000
 0.000000 0.000000 0.000000
 0.000000 0.000000 0.000000
 0.049810 0.210963 -0.085036 0.033268
 1.109189 -0.208937 -0.091537 -0.226447
 0.101530 0.084480
 1.000000e-06 1.003754
 0.893710 0.637070
 6.79744310000000e+00 -1.90374720000000e-01 2.07036050000000e-03
 -1.01249210000000e-05 1.88880000000000e-08
 -0.007036 -0.021547
 -0.017218 -0.002839
 -0.001632 -0.001071 0.024784
 -0.011879 -0.038441
 -0.030148 -0.007541
