 -0.129057 0.418513
 0.000000 0.000000
 -0.000034 0.522100 2.447315
 0.000000 0.000000 0.000000
 0.000000 0.000000 0.000000
 0.000000 0.000000 0.000000
 0.000000 0.000000 0.000000
 0.009769 0.159282 -0.059571 0.006225
 1.072737 -0.158253 -0.017142 -0.133024
 0.014560 0.013960
 -2.000000e-06 0.557828
 0.838300 0.632810
 6.52209140000000e+00 -1.78343290000000e-01 1.88889450000000e-03
 -8.95666600000000e-06 1.61490000000000e-08
 -0.000141 -0.004159
 -0.006427 -0.002706
 -0.000024 -0.002384 0.030180
 -0.004625 -0.030985
 -0.044900 -0.021956
