 -0.003900 0.745892
 -0.071344 0.990644
 -0.007051 0.490235 1.902900
 0.000000 0.000000 0.000000
 0.000000 0.000000 0.000000
 0.000000 0.000000 0.000000
 0.000000 0.000000 0.000000
 0.028168 0.209274 -0.081038 0.018491
 1.100338 -0.190241 -0.050480 -0.193391
 0.051170 0.045950
 2.500000e-07 0.826970
 0.886220 0.632610
 6.78594670000000e+00 -1.88966290000000e-01 2.04325980000000e-03
 -9.92793400000000e-06 1.83890000000000e-08
 -0.002607 -0.012744
 -0.013090 -0.003005
 -0.000343 -0.003692 0.026590
 -0.009511 -0.038269
 -0.037197 -0.011508
