 -0.002515 0.747644
 -0.081800 0.991717
 -0.000013 0.505250 2.557953
 0.000000 0.000000 0.000000
 0.000000 0.000000 0.000000
 0.000000 0.000000 0.000000
 0.000000 0.000000 0.000000
 0.049191 0.211165 -0.085077 0.032824
 1.109043 -0.208603 -0.090393 -0.225672
 0.099970 0.083350
 1.000000e-06 0.999453
 0.893510 0.636970
 6.79739250000000e+00 -1.90347680000000e-01 2.06977000000000e-03
 -1.01203330000000e-05 1.88760000000000e-08
 -0.006883 -0.021314
 -0.017132 -0.002847
 -0.001577 -0.001181 0.024861
 -0.011820 -0.038440
 -0.030290 -0.007613
