 -0.133520 0.414008
 0.000000 0.000000
 -0.000006 0.669321 5.201747
 0.000000 0.000000 0.000000
 0.000000 0.000000 0.000000
 0.000000 0.000000 0.000000
 0.000000 0.000000 0.000000
 0.009638 0.158624 -0.059277 0.006133
 1.072424 -0.157892 -0.016867 -0.132387
 0.014310 0.013730
 0.000000e+00 0.555138
 0.837610 0.632840
 6.51821820000000e+00 -1.78196690000000e-01 1.88683180000000e-03
 -8.94395500000000e-06 1.61200000000000e-08
 -0.000128 -0.004084
 -0.006337 -0.002689
 -0.000024 -0.002324 0.029232
 -0.004579 -0.030890
 -0.044975 -0.022115
