 -0.002368 0.750624
 -0.080311 0.992043
 -0.000006 0.898059 0.789930
 0.000000 0.000000 0.000000
 0.000000 0.000000 0.000000
 0.000000 0.000000 0.000000
 0.000000 0.000000 0.000000
 0.049802 0.211147 -0.085153 0.033236
 1.109279 -0.209132 -0.091492 -0.226554
 0.101370 0.084440
 1.250000e-06 1.004382
 0.893660 0.637090
 6.79756490000000e+00 -1.90381660000000e-01 2.07046020000000e-03
 -1.01254690000000e-05 1.88890000000000e-08
 -0.007017 -0.021516
 -0.017185 -0.002834
 -0.001609 -0.001200 0.024652
 -0.011892 -0.038460
 -0.030141 -0.007533
