 -0.001745 0.761475
 -0.076400 0.991210
 -0.000006 0.734099 0.689352
 0.000000 0.000000 0.000000
 0.000000 0.000000 0.000000
 0.000000 0.000000 0.000000
 0.000000 0.000000 0.000000
 0.051209 0.210653 -0.085082 0.034258
 1.109567 -0.209947 -0.094138 -0.228275
 0.104970 0.087030
 -3.500000e-06 1.014214
 0.894020 0.637310
 6.79747670000000e+00 -1.90434690000000e-01 2.07166710000000e-03
 -1.01349500000000e-05 1.89140000000000e-08
 -0.007361 -0.022032
 -0.017368 -0.002816
 -0.001739 -0.000877 0.024472
 -0.012022 -0.038456
 -0.029813 -0.007370
