 -0.023940 0.605916
 -0.011183 0.995539
 -0.030799 0.360520 2.172012
 0.000000 0.000000 0.000000
 0.000000 0.000000 0.000000
 0.000000 0.000000 0.000000
 0.000000 0.000000 0.000000
 0.017643 0.191360 -0.073035 0.011638
 1.088682 -0.176202 -0.031920 -0.165903
 0.029670 0.027620
 -1.000000e-06 0.700349
 0.869040 0.631110
 6.70919930000000e+00 -1.85537530000000e-01 1.99102430000000e-03
 -9.58979200000000e-06 1.75930000000000e-08
 -0.001027 -0.008016
 -0.009912 -0.002984
 -0.000105 -0.003405 0.028253
 -0.007243 -0.035859
 -0.041387 -0.015499
