 -0.007418 0.684687
 -0.061570 0.988422
 -0.006877 0.491295 1.910630
 0.000000 0.000000 0.000000
 0.000000 0.000000 0.000000
 0.000000 0.000000 0.000000
 0.000000 0.000000 0.000000
 0.026697 0.207653 -0.080168 0.017538
 1.099061 -0.188465 -0.047725 -0.190081
 0.048110 0.043410
 1.500000e-06 0.811374
 0.884800 0.632260
 6.78040310000000e+00 -1.88679030000000e-01 2.03866500000000e-03
 -9.89746300000000e-06 1.83170000000000e-08
 -0.002382 -0.012121
 -0.012734 -0.003015
 -0.000300 -0.003712 0.026851
 -0.009252 -0.038078
 -0.037767 -0.011938
