 -0.025861 0.603456
 -0.008165 0.995895
 -0.028251 0.343884 2.208721
 0.000000 0.000000 0.000000
 0.000000 0.000000 0.000000
 0.000000 0.000000 0.000000
 0.000000 0.000000 0.000000
 0.016611 0.188331 -0.071838 0.010964
 1.087043 -0.174469 -0.030190 -0.162409
 0.027660 0.025840
 3.000000e-06 0.684899
 0.866020 0.631210
 6.69398000000000e+00 -1.84917840000000e-01 1.98191040000000e-03
 -9.53186900000000e-06 1.74580000000000e-08
 -0.000892 -0.007537
 -0.009539 -0.002969
 -0.000091 -0.003316 0.028591
 -0.006944 -0.035408
 -0.041793 -0.016068
